%CCA       CA          AUC         Prec        Recall
CCA =     [0.7882      0.8504      0.7692	   0.8209
           0.7957      0.8624      0.7788      0.8234
           0.8031      0.8654      0.8015      0.8035];
LSIS=     [0.7994      0.8627      0.7778      0.8358
           0.7956      0.8634      0.7828      0.8159
           0.7994      0.8642      0.8030      0.7910];
LSIW=     [0.7894      0.8606      0.7673      0.8284;
           0.7870      0.8632      0.7662      0.8234;
           0.8018      0.8663      0.7854      0.8284]; 